,Sediment,Water,Unknown,type
UKL2.1,0.0011142,0.9585887,0.0402971,Leaf
MXL2.1,0.455617463816156,0.378272981086351,0.166109555097493,Leaf
BBL2.6,0.506870944995357,0.329712163333333,0.163416891671309,Leaf
BCL2.6,0.00622096019498502,0.965923879015787,0.0278551607892281,Leaf
BCL1.20,0.0999071584865354,0.820519953138349,0.0795728883751153,Leaf
SFL2.20,0.123398338625812,0.573166194419685,0.303435466954503,Leaf
BBL2.1,0.214020433667594,0.759610007103067,0.0263695592293391,Leaf
ORL1.1,0.283936857270195,0.411420615738162,0.304642526991643,Leaf
BBL1.6,0.09322192,0.62330547,0.28347261,Leaf
BCL1.6,0.00807798976787106,0.739832862692668,0.252089147539461,Leaf
BBL1.20,0.0430826401671301,0.78830082979573,0.16861653003714,Leaf
BCL2.20,0.0353760409099341,0.854131865775304,0.110492093314762,Leaf
SFL2.1,0.139275769619312,0.699628600037141,0.161095630343546,Leaf
WAL2.1,0.0622098505571031,0.671309196991644,0.266480952451253,Leaf
MXL1.6,0.120984211077065,0.44447539452182,0.434540394401114,Leaf
WAL2.6,0.106778099767873,0.795728860157847,0.0974930400742802,Leaf
BCL1.1,0.0351903495821712,0.833611881940578,0.131197768477251,Leaf
SDL2.1,0.023955440482822,0.832126286648098,0.14391827286908,Leaf
FIL2.1,0.00334260020427002,0.879480062776233,0.117177337019497,Leaf
WAL2.20,0.0563602595264621,0.794800362061282,0.148839378412256,Leaf
SFL2.6,0.04623956,0.89554319,0.05821725,Leaf
BCL2.1,0.00974930987929401,0.934818940631384,0.0554317494893221,Leaf
SFL1.6,0.00222840009285001,0.900185717966575,0.0975858819405752,Leaf
FRL2.6,0.013927589990714,0.958774380334264,0.0272980296750221,Leaf
SFL1.1,0.00222840009285001,0.90074280795729,0.0970287919498602,Leaf
QUL1.1,0.0396471694800361,0.94280408058496,0.017548749935004,Leaf
NCL2.6,0.16415970003714,0.286908089832869,0.548932210129991,Leaf
NCL2.20,0.236861652265552,0.226183832441968,0.53695451529248,Leaf
MAL1.1,0.0197771601671301,0.666388116555247,0.313834723277623,Leaf
MAL1.20,0.0269266409470741,0.302228401764159,0.670844957288767,Leaf
VAL1.20,0.020984219563602,0.910584941773446,0.0684308386629521,Leaf
VAL1.1,0.10167130913649,0.790807801903436,0.107520888960074,Leaf
QUL1.20,0.0454039080687082,0.939739992451256,0.0148560994800361,Leaf
NCL1.6,0.00714948979572803,0.0568245094986062,0.936026000705666,Leaf
NCL2.1,0.122655512246981,0.197400184215413,0.679944303537606,Leaf
VAL1.6,0.024605399897864,0.957474450269267,0.017920149832869,Leaf
ESL2.6,0.0252553209192191,0.952274878365833,0.0224698007149481,Leaf
VAL2.6,0.0311049193779011,0.91745588163417,0.0514391989879291,Leaf
VAL2.20,0.021727019712163,0.871773431346333,0.106499548941504,Leaf
ESL1.1,0.0212627607985131,0.970287868969363,0.00844937023212404,Leaf
ESL2.1,0.0735376086908071,0.876694502274839,0.0497678890343541,Leaf
QUL2.1,0.0363045508077982,0.938718668783661,0.0249767804085411,Leaf
ESL1.6,0.0245125212534801,0.96973077848654,0.00575670025998003,Leaf
QUL1.6,0.03249767,0.95143918,0.01606315,Leaf
MAL2.6,0.0899721309935001,0.214206141884865,0.695821727121635,Leaf
NCL1.1,0.0171773498328681,0.97353759039926,0.00928505976787204,Leaf
QUL2.20,0.018570110343546,0.977715889600744,0.00371400005571001,Leaf
VAL2.1,0.0904364118662952,0.844939646880224,0.0646239412534811,Leaf
ESL2.20,0.0917363109563593,0.886815228830086,0.0214484602135551,Leaf
ESL1.20,0.0597957286629522,0.930919211559891,0.00928505977715704,Leaf
QUL2.6,0.0428040883751152,0.946796632079855,0.0103992795450301,Leaf
KOL1.20,0.0588672096564522,0.677065923240484,0.264066867103064,Leaf
KOL1.1,0.573259059842155,0.270287840297121,0.156453099860724,Leaf
JNL2.20,0.228597939916434,0.565831020102136,0.20557103998143,Leaf
JSL1.20,0.351810576991643,0.261188485320334,0.387000937688023,Leaf
KOL1.6,0.437883008662953,0.294800375961003,0.267316615376045,Leaf
JNL1.6,0.08198702,0.12181987,0.79619311,Leaf
KOL2.20,0.436675944531105,0.243454042219127,0.319870013249768,Leaf
KOL2.6,0.27158776,0.18291551,0.54549673,Leaf
JNL2.6,0.287836581624884,0.376230255069638,0.335933163305478,Leaf
JNL1.1,0.0607242311699161,0.138440102878365,0.800835665951719,Leaf
JNL1.20,0.037140189656453,0.134726098616527,0.82813371172702,Leaf
JSL2.6,0.00417825003714,0.705199646963789,0.290622102999071,Leaf
UKR1.1,0.565643579445546,0.260891088425742,0.173465332128712,Roots
SWR1.1,0.711980202772278,0.161386108584158,0.126633688643564,Roots
UKR2.6,0.258415832663366,0.544752485574258,0.196831681762377,Roots
POR1.1,0.58970296,0.27643562,0.13386142,Roots
POR1.6,0.626039604564357,0.255643550168316,0.118316845267326,Roots
POR2.6,0.433168344534653,0.387524743821782,0.179306911643564,Roots
POR2.1,0.59148514,0.20227723,0.20623763,Roots
UKR2.20,0.301089109188119,0.53980200039604,0.159108890415841,Roots
SWR1.20,0.71564358,0.17207918,0.11227724,Roots
SWR2.1,0.541089083564358,0.239702987970296,0.219207928465346,Roots
POR2.20,0.3762376,0.42396042,0.19980198,Roots
SWR2.20,0.751782140346536,0.107128715514851,0.141089144138613,Roots
POR1.20,0.764554422554456,0.110495058811881,0.124950518633663,Roots
UKR1.6,0.632871316514852,0.189009891841584,0.178118791643564,Roots
UKR1.20,0.433267340257426,0.362772260168316,0.203960399574258,Roots
UKR2.1,0.52405943,0.29881188,0.17712869,Roots
SWR1.6,0.439405955544554,0.404356435920792,0.156237608534653,Roots
SWR2.6,0.328811886940594,0.447425732267327,0.223762380792079,Roots
FIR2.20,0.520792063207923,0.0424752573663343,0.436732679425743,Roots
BCR1.20,0.376534644613861,0.549009932584159,0.0744554228019793,Roots
BBR1.6,0.29039603,0.60188119,0.10772278,Roots
ORR2.6,0.194356427950495,0.676534633524753,0.129108938524752,Roots
SDR2.20,0.568118805752476,0.243564372861386,0.188316821386139,Roots
WAR2.6,0.444851498277228,0.47425742869307,0.0808910730297023,Roots
ORR1.6,0.31821784,0.59138613,0.09039603,Roots
SFR2.6,0.80475248,0.10702971,0.08821781,Roots
FRR2.6,0.415544565544554,0.466633635594059,0.117821798861386,Roots
MXR2.6,0.798910912663371,0.0531683021683144,0.147920785168315,Roots
FRR1.1,0.143564381554455,0.483168314742574,0.37326730370297,Roots
MXR1.6,0.492079204623762,0.436633694574257,0.0712871008019801,Roots
ORR2.20,0.385742566613861,0.507920794584159,0.10633663880198,Roots
SFR1.6,0.494158404019802,0.16366336891089,0.342178227069307,Roots
BCR2.6,0.27762374,0.60188119,0.12049507,Roots
BCR2.1,0.28752474,0.60861387,0.10386139,Roots
BCR1.6,0.162277208643563,0.633762393653466,0.203960397702971,Roots
FIR2.6,0.548217803039605,0.0159406091881181,0.435841587772277,Roots
FIR2.1,0.440495057980198,0.0481188178514832,0.511386124168319,Roots
BBR2.6,0.63356435089109,0.25316831270297,0.11326733640594,Roots
SFR2.1,0.58336632,0.30861387,0.10801981,Roots
ORR1.1,0.544158431118812,0.36722771719802,0.0886138516831682,Roots
IRR1.20,0.561584141069307,0.339504967128713,0.0989108918019802,Roots
SDR2.1,0.323960403851485,0.405742583237624,0.270297012910891,Roots
SDR1.1,0.320495053277228,0.559009879128713,0.120495067594059,Roots
MXR2.20,0.753861418108913,0.0617821528910873,0.184356429,Roots
SFR1.1,0.533762369089109,0.351782173178218,0.114455457732673,Roots
MXR1.1,0.53079211,0.38099008,0.08821781,Roots
SFR2.20,0.850693044792081,0.101089106554455,0.0482178486534641,Roots
IRR2.6,0.422772295673267,0.46277224550495,0.114455458821782,Roots
BBR2.20,0.544950478148516,0.317326730158416,0.137722791693068,Roots
BBR2.1,0.565841554524753,0.329207946653465,0.104950498821782,Roots
IRR1.1,0.301188116861386,0.566039574584159,0.132772308554455,Roots
FRR1.20,0.10316832,0.81316833,0.08366335,Roots
SFR1.20,0.686039613554458,0.0555445612079192,0.258415825237623,Roots
IRR1.6,0.460297031217822,0.43435643109901,0.105346537683168,Roots
FRR2.20,0.145346533326732,0.628415828207922,0.226237638465346,Roots
SDR1.20,0.41891091,0.50900991,0.07207918,Roots
MXR1.20,0.161485127277227,0.725445555306931,0.113069317415841,Roots
BCR1.1,0.281881186584159,0.649108939534655,0.0690098738811864,Roots
WAR2.1,0.33603961420792,0.576336632574258,0.0876237532178213,Roots
ORR1.20,0.646534683435644,0.293069305405941,0.0603960111584151,Roots
BBR1.1,0.0181188286930681,0.832673241445548,0.149207929861384,Roots
MXR2.1,0.691287129138614,0.134059420485148,0.174653450376237,Roots
ORR2.1,0.356039608009901,0.560891098138615,0.0830692938514844,Roots
IRR2.1,0.4147524639901,0.446237613950496,0.139009922059404,Roots
BBR1.20,0.253861387653465,0.654950499732674,0.0911881126138613,Roots
SDR2.6,0.20831684,0.48801979,0.30366337,Roots
FRR1.6,0.144455437316831,0.743465345099011,0.112079217584158,Roots
SDR1.6,0.349702966930693,0.391287125158416,0.259009907910891,Roots
WAR2.20,0.364554440742574,0.588514857673269,0.0469307015841572,Roots
FRR2.1,0.0178217988712861,0.932574233980202,0.0496039671485123,Roots
NCR2.6,0.5980198,0.09297029,0.30900991,Roots
ESR1.1,0.761980197564357,0.147623771663366,0.0903960307722771,Roots
VAR2.20,0.176039588564356,0.806831681643565,0.017128729792079,Roots
NCR1.6,0.51326734,0.21257427,0.27415839,Roots
ESR2.1,0.529405944534654,0.161188108594059,0.309405946871287,Roots
ESR1.6,0.518613858435644,0.156435637752475,0.324950503811881,Roots
NCR2.1,0.53356439,0.17217819,0.29425742,Roots
ESR1.20,0.606930705564357,0.216831692643564,0.176237601792079,Roots
ESR2.6,0.702970313326735,0.143168313514851,0.153861373158415,Roots
MAR1.1,0.729801973049507,0.150693063336633,0.119504963613861,Roots
MAR1.20,0.138415843376237,0.136930713158415,0.724653443465349,Roots
MAR2.6,0.701188118861389,0.0497029704158393,0.249108910722771,Roots
MAR2.1,0.797128701722773,0.036336669732673,0.166534628544554,Roots
LIR2.1,0.756138653544557,0.184554452326732,0.0593068941287104,Roots
VAR2.6,0.54415841,0.34811881,0.10772278,Roots
QUR1.6,0.268910900485148,0.656237636475249,0.0748514630396033,Roots
LIR2.6,0.516930688455447,0.43574257218812,0.0473267393564333,Roots
NCR1.1,0.550792075099011,0.144950498851484,0.304257426049506,Roots
LIR1.20,0.138811875752474,0.842772264782179,0.0184158594653461,Roots
VAR1.1,0.539702991247525,0.381089107188119,0.0792079015643562,Roots
NCR2.20,0.391089111148515,0.25673265790099,0.352178230950495,Roots
ESR2.20,0.38297028749505,0.535940621069307,0.0810890914356431,Roots
MAR2.20,0.71524754,0.080198,0.20455446,Roots
LIR1.1,0.516633659297031,0.433168321564357,0.0501980191386122,Roots
QUR1.1,0.309405936633663,0.483366335564356,0.20722772780198,Roots
QUR1.20,0.596633648079208,0.300495064079208,0.102871287841584,Roots
LIR1.6,0.388514835643564,0.584950484574258,0.026534679782178,Roots
LIR2.20,0.838415860069308,0.0609900800990091,0.100594059831683,Roots
QUR2.1,0.46198018819802,0.509801963247526,0.0282178485544541,Roots
QUR2.20,0.49267323939604,0.469504941336634,0.0378218192673261,Roots
QUR2.6,0.445742552524753,0.516534639079209,0.0377228083960382,Roots
VAR1.20,0.6250495009901,0.258910882762376,0.116039616247524,Roots
JSR2.1,0.7388118509703,0.0273267576633642,0.233861391366336,Roots
KOR2.6,0.722673265178219,0.017326749574257,0.259999985247524,Roots
JSR2.6,0.68762375,0.02297032,0.28940593,Roots
KOR2.20,0.0356436,0.00633664,0.95801976,Roots
JSR1.1,0.332376239990099,0.0315841690396031,0.636039590970298,Roots
KOR1.1,0.52910892909901,0.00970297971287103,0.461188091188119,Roots
JNR1.6,0.48554454,0.03178221,0.48267325,Roots
JSR2.20,0.56811878,0.0128713,0.41900992,Roots
JNR1.1,0.630693050940595,0.0222772492772271,0.347029699782178,Roots
JNR1.20,0.602673263267328,0.0388119097623751,0.358514826970297,Roots
JNR2.20,0.462970298712872,0.189801976970297,0.347227724316831,Roots
JSR1.20,0.27504948,0.01277229,0.71217823,Roots
KOR2.1,0.377128703118812,0.0225742794257421,0.600297017455446,Roots
KOR1.6,0.4108911,0.02356438,0.56554452,Roots
JSR1.6,0.557029679019802,0.016831699633663,0.426138621346535,Roots
JNR2.1,0.6474257699901,0.0596039319009883,0.292970298108911,Roots
JNR2.6,0.659702947138614,0.0283168494554451,0.311980203405941,Roots
KOR1.20,0.0670296805643561,0.500990104722773,0.431980214712871,Roots